18	0.5
0		0		0.3090081824816504		0.5877702605258085		0.8090006559383217		0.95104506302846		0.999999998926914		0.9510736937458322		0.8090551149629135		0.5878452173406992		0.3090963002207636		9.265358966049026e-05		0		0		0		0		0		0		0		0		0		
0.5		0		0		0.3090081824816504		0.5877702605258085		0.8090006559383217		0.95104506302846		0.999999998926914		0.9510736937458322		0.8090551149629135		0.5878452173406992		0.3090963002207636		9.265358966049026e-05		0		0		0		0		0		0		0		0		
1		0		0		0		0.3090081824816504		0.5877702605258085		0.8090006559383217		0.95104506302846		0.999999998926914		0.9510736937458322		0.8090551149629135		0.5878452173406992		0.3090963002207636		9.265358966049026e-05		0		0		0		0		0		0		0		
1.5		0		0		0		0		0.3090081824816504		0.5877702605258085		0.8090006559383217		0.95104506302846		0.999999998926914		0.9510736937458322		0.8090551149629135		0.5878452173406992		0.3090963002207636		9.265358966049026e-05		0		0		0		0		0		0		
2		0		0		0		0		0		0.3090081824816504		0.5877702605258085		0.8090006559383217		0.95104506302846		0.999999998926914		0.9510736937458322		0.8090551149629135		0.5878452173406992		0.3090963002207636		9.265358966049026e-05		0		0		0		0		0		
2.5		0		0		0		0		0		0		0.3090081824816504		0.5877702605258085		0.8090006559383217		0.95104506302846		0.999999998926914		0.9510736937458322		0.8090551149629135		0.5878452173406992		0.3090963002207636		9.265358966049026e-05		0		0		0		0		
3		0		0		0		0		0		0		0		0.3090081824816504		0.5877702605258085		0.8090006559383217		0.95104506302846		0.999999998926914		0.9510736937458322		0.8090551149629135		0.5878452173406992		0.3090963002207636		9.265358966049026e-05		0		0		0		
3.5		0		0		0		0		0		0		0		0		0.3090081824816504		0.5877702605258085		0.8090006559383217		0.95104506302846		0.999999998926914		0.9510736937458322		0.8090551149629135		0.5878452173406992		0.3090963002207636		9.265358966049026e-05		0		0		
4		0		0		0		0		0		0		0		0		0		0.3090081824816504		0.5877702605258085		0.8090006559383217		0.95104506302846		0.999999998926914		0.9510736937458322		0.8090551149629135		0.5878452173406992		0.3090963002207636		9.265358966049026e-05		0		
4.5		0		0		0		0		0		0		0		0		0		0		0.3090081824816504		0.5877702605258085		0.8090006559383217		0.95104506302846		0.999999998926914		0.9510736937458322		0.8090551149629135		0.5878452173406992		0.3090963002207636		9.265358966049026e-05		
5		9.265358966049026e-05		0		0		0		0		0		0		0		0		0		0		0.3090081824816504		0.5877702605258085		0.8090006559383217		0.95104506302846		0.999999998926914		0.9510736937458322		0.8090551149629135		0.5878452173406992		0.3090963002207636		
5.5		0.3090963002207636		9.265358966049026e-05		0		0		0		0		0		0		0		0		0		0		0.3090081824816504		0.5877702605258085		0.8090006559383217		0.95104506302846		0.999999998926914		0.9510736937458322		0.8090551149629135		0.5878452173406992		
6		0.5878452173406992		0.3090963002207636		9.265358966049026e-05		0		0		0		0		0		0		0		0		0		0		0.3090081824816504		0.5877702605258085		0.8090006559383217		0.95104506302846		0.999999998926914		0.9510736937458322		0.8090551149629135		
6.5		0.8090551149629135		0.5878452173406992		0.3090963002207636		9.265358966049026e-05		0		0		0		0		0		0		0		0		0		0		0.3090081824816504		0.5877702605258085		0.8090006559383217		0.95104506302846		0.999999998926914		0.9510736937458322		
7		0.9510736937458322		0.8090551149629135		0.5878452173406992		0.3090963002207636		9.265358966049026e-05		0		0		0		0		0		0		0		0		0		0		0.3090081824816504		0.5877702605258085		0.8090006559383217		0.95104506302846		0.999999998926914		
7.5		0.999999998926914		0.9510736937458322		0.8090551149629135		0.5878452173406992		0.3090963002207636		9.265358966049026e-05		0		0		0		0		0		0		0		0		0		0		0.3090081824816504		0.5877702605258085		0.8090006559383217		0.95104506302846		
8		0.95104506302846		0.999999998926914		0.9510736937458322		0.8090551149629135		0.5878452173406992		0.3090963002207636		9.265358966049026e-05		0		0		0		0		0		0		0		0		0		0		0.3090081824816504		0.5877702605258085		0.8090006559383217		
8.5		0.8090006559383217		0.95104506302846		0.999999998926914		0.9510736937458322		0.8090551149629135		0.5878452173406992		0.3090963002207636		9.265358966049026e-05		0		0		0		0		0		0		0		0		0		0		0.3090081824816504		0.5877702605258085		
9		0.5877702605258085		0.8090006559383217		0.95104506302846		0.999999998926914		0.9510736937458322		0.8090551149629135		0.5878452173406992		0.3090963002207636		9.265358966049026e-05		0		0		0		0		0		0		0		0		0		0		0.3090081824816504		
9.5		0.3090081824816504		0.5877702605258085		0.8090006559383217		0.95104506302846		0.999999998926914		0.9510736937458322		0.8090551149629135		0.5878452173406992		0.3090963002207636		9.265358966049026e-05		0		0		0		0		0		0		0		0		0		0		
10		0		0.3090081824816504		0.5877702605258085		0.8090006559383217		0.95104506302846		0.999999998926914		0.9510736937458322		0.8090551149629135		0.5878452173406992		0.3090963002207636		9.265358966049026e-05		0		0		0		0		0		0		0		0		0		
10.5		0		0		0.3090081824816504		0.5877702605258085		0.8090006559383217		0.95104506302846		0.999999998926914		0.9510736937458322		0.8090551149629135		0.5878452173406992		0.3090963002207636		9.265358966049026e-05		0		0		0		0		0		0		0		0		
11		0		0		0		0.3090081824816504		0.5877702605258085		0.8090006559383217		0.95104506302846		0.999999998926914		0.9510736937458322		0.8090551149629135		0.5878452173406992		0.3090963002207636		9.265358966049026e-05		0		0		0		0		0		0		0		
11.5		0		0		0		0		0.3090081824816504		0.5877702605258085		0.8090006559383217		0.95104506302846		0.999999998926914		0.9510736937458322		0.8090551149629135		0.5878452173406992		0.3090963002207636		9.265358966049026e-05		0		0		0		0		0		0		
12		0		0		0		0		0		0.3090081824816504		0.5877702605258085		0.8090006559383217		0.95104506302846		0.999999998926914		0.9510736937458322		0.8090551149629135		0.5878452173406992		0.3090963002207636		9.265358966049026e-05		0		0		0		0		0		
12.5		0		0		0		0		0		0		0.3090081824816504		0.5877702605258085		0.8090006559383217		0.95104506302846		0.999999998926914		0.9510736937458322		0.8090551149629135		0.5878452173406992		0.3090963002207636		9.265358966049026e-05		0		0		0		0		
13		0		0		0		0		0		0		0		0.3090081824816504		0.5877702605258085		0.8090006559383217		0.95104506302846		0.999999998926914		0.9510736937458322		0.8090551149629135		0.5878452173406992		0.3090963002207636		9.265358966049026e-05		0		0		0		
13.5		0		0		0		0		0		0		0		0		0.3090081824816504		0.5877702605258085		0.8090006559383217		0.95104506302846		0.999999998926914		0.9510736937458322		0.8090551149629135		0.5878452173406992		0.3090963002207636		9.265358966049026e-05		0		0		
14		0		0		0		0		0		0		0		0		0		0.3090081824816504		0.5877702605258085		0.8090006559383217		0.95104506302846		0.999999998926914		0.9510736937458322		0.8090551149629135		0.5878452173406992		0.3090963002207636		9.265358966049026e-05		0		
14.5		0		0		0		0		0		0		0		0		0		0		0.3090081824816504		0.5877702605258085		0.8090006559383217		0.95104506302846		0.999999998926914		0.9510736937458322		0.8090551149629135		0.5878452173406992		0.3090963002207636		9.265358966049026e-05		
15		9.265358966049026e-05		0		0		0		0		0		0		0		0		0		0		0.3090081824816504		0.5877702605258085		0.8090006559383217		0.95104506302846		0.999999998926914		0.9510736937458322		0.8090551149629135		0.5878452173406992		0.3090963002207636		
15.5		0.3090963002207636		9.265358966049026e-05		0		0		0		0		0		0		0		0		0		0		0.3090081824816504		0.5877702605258085		0.8090006559383217		0.95104506302846		0.999999998926914		0.9510736937458322		0.8090551149629135		0.5878452173406992		
16		0.5878452173406992		0.3090963002207636		9.265358966049026e-05		0		0		0		0		0		0		0		0		0		0		0.3090081824816504		0.5877702605258085		0.8090006559383217		0.95104506302846		0.999999998926914		0.9510736937458322		0.8090551149629135		
16.5		0.8090551149629135		0.5878452173406992		0.3090963002207636		9.265358966049026e-05		0		0		0		0		0		0		0		0		0		0		0.3090081824816504		0.5877702605258085		0.8090006559383217		0.95104506302846		0.999999998926914		0.9510736937458322		
17		0.9510736937458322		0.8090551149629135		0.5878452173406992		0.3090963002207636		9.265358966049026e-05		0		0		0		0		0		0		0		0		0		0		0.3090081824816504		0.5877702605258085		0.8090006559383217		0.95104506302846		0.999999998926914		
17.5		0.999999998926914		0.9510736937458322		0.8090551149629135		0.5878452173406992		0.3090963002207636		9.265358966049026e-05		0		0		0		0		0		0		0		0		0		0		0.3090081824816504		0.5877702605258085		0.8090006559383217		0.95104506302846		
