5      6271.209081
6      4406.806564
7      3251.46471
8      2489.388815
9      1962.419955
10      1584.069457
11      1303.922836
12      1091.079843
13      925.8030429
14      795.0359638
15      689.8789488
16      604.1078231
17      533.2666604
18      474.107442
19      424.2074766
20      381.7441856
21      345.31598
22      313.8370373
23      286.4536646
24      262.4869621
25      241.3966824
26      222.7389524
27      206.1548487
28      191.3507313
29      178.0815382
30      166.1407224
31      155.3595159
32      145.5912916
33      136.7143201
34      128.6228609
35      121.2270394
36      114.4499475
37      108.2245004
38      102.4932209
39      97.20411676
40      92.31288421
41      87.78130964
42      83.57593708
43      79.66342249
44      76.02043046
45      72.62125285
46      69.44432032
47      66.47110465
48      63.68470842
49      61.06969059
50      58.61191301
51      56.2985255
52      54.12172272
53      52.06711226
54      50.12741724
55      48.29412112
56      46.55965163
57      44.91553728
58      43.35916523
59      41.88112855
60      40.47657608
61      39.14187784
62      37.87300632
63      36.66449741
64      35.51270913
65      34.41423633
66      33.36589197
67      32.36469009
68      31.40783024
69      30.49268336
70      29.61677877
71      28.77779234
72      27.97380805
73      27.20442277
74      26.4660521
75      25.7568488
76      25.07506686
77      24.42040698
78      23.79213889
79      23.18684337
80      22.60310724
81      22.04374544
82      21.50361533
83      20.9819296
84      20.48137626
85      19.99672684
86      19.52971917
87      19.07913945
88      18.64261223
89      18.22296378
90      17.81477002
91      17.42301602
92      17.04141815
93      16.67458281
94      16.31709834
95      15.9733695
96      15.63772591
97      15.31545493
98      15.00045729
99      14.69725167
100      14.40161896
101      14.115471
102      13.83788431
103      13.56709204
104      13.30634492
105      13.05108807
106      12.80432171
107      12.56436575
108      12.32934188
109      12.10370948
110      11.88260867
111      11.66691144
112      11.45888374
113      11.2549237
114      11.0561713
115      10.86417307
116      10.67583151
117      10.49188338
118      10.31451341
119      10.14043504
120      9.969565435
121      9.805369039
122      9.644344265
123      9.486213168
124      9.332665071
125      9.183611822
126      9.037170757
127      8.893279789
128      8.754677735
129      8.618985998
130      8.485599621
131      8.354465491
132      8.228533603
133      8.10483104
134      7.983167123
135      7.86349628
136      7.748217099
137      7.635304821
138      7.524198518
139      7.414858988
140      7.308434781
141      7.205261913
142      7.103691379
143      7.003689373
144      6.905223034
145      6.810152132
146      6.717218187
147      6.625678574
148      6.535504873
149      6.446669433
150      6.360844577
151      6.276994499
152      6.194360626
153      6.112918982
154      6.03264622
155      5.95421544
156      5.878454324
157      5.803756217
158      5.730100829
159      5.657468383
160      5.585839601
161      5.516260201
162      5.448658341
163      5.381969992
164      5.316178357
165      5.25126705
166      5.187220082
167      5.124511233
168      5.064077733
169      5.004431373
170      4.945558194
171      4.887444566
172      4.830077175
173      4.773443018
174      4.718400671
175      4.664972219
176      4.612211912
177      4.560108374
178      4.50865048
179      4.457827361
180      4.407628386
181      4.358279397
182      4.310942288
183      4.264174085
184      4.21796547
185      4.172307326
186      4.127190735
187      4.082606968
188      4.038547486
189      3.99522824
190      3.953700503
191      3.912650765
192      3.872071525
193      3.831955435
194      3.792295303
195      3.753084083
196      3.714314874
197      3.675980915
198      3.638642167
199      3.602531583
200      3.566817875
201      3.531495094
202      3.496557408
203      3.461999104
204      3.427814577
205      3.393998335
206      3.360544993
207      3.327449268
208      3.295733265
209      3.264579242
210      3.233751288
211      3.203244748
212      3.173055056
213      3.14317773
214      3.113608374
215      3.084342673
216      3.055376393
217      3.026705377
218      2.998601706
219      2.971641884
220      2.944951145
221      2.918525823
222      2.892362317
223      2.866457091
224      2.840806673
225      2.815407651
226      2.790256676
227      2.765350457
228      2.74068576
229      2.716259411
230      2.69260477
231      2.66966249
232      2.646937294
233      2.624426377
234      2.60212698
235      2.580036395
236      2.558151955
237      2.536471043
238      2.514991083
239      2.493709543
240      2.472623934
241      2.451731809
242      2.431030759
243      2.410944828
244      2.391529801
245      2.372288635
246      2.353219201
247      2.334319407
248      2.315587193
249      2.297020533
250      2.278617434
251      2.260375932
252      2.242294098
253      2.224370032
254      2.206601864
255      2.188987754
256      2.171525889
257      2.154214486
258      2.13772198
259      2.121513467
260      2.105441685
261      2.089505055
262      2.073702026
263      2.058031068
264      2.042490675
265      2.027079365
266      2.011795675
267      1.996638168
268      1.981605427
269      1.966696055
270      1.951908677
271      1.937241938
272      1.922694503
273      1.908265057
274      1.894161701
275      1.88068108
276      1.86730748
277      1.854039739
278      1.840876711
279      1.827817265
280      1.81486029
281      1.802004686
282      1.789249372
283      1.776593282
284      1.764035365
285      1.751574582
286      1.739209914
287      1.72694035
288      1.714764899
289      1.702682579
290      1.690692425
291      1.678793483
292      1.666984813
293      1.65556645
294      1.644561971
295      1.633639185
296      1.622797261
297      1.61203538
298      1.601352734
299      1.590748525
300      1.580221967
301      1.569772283
302      1.559398708
303      1.549100485
304      1.538876869
305      1.528727124
306      1.518650523
307      1.50864635
308      1.498713897
309      1.488852465
310      1.479061365
311      1.469339918
312      1.459687451
313      1.4501033
314      1.440586812
315      1.431615287
316      1.42277361
317      1.413992985
318      1.405272834
319      1.396612586
320      1.388011679
321      1.379469556
322      1.370985668
323      1.362559472
324      1.354190434
325      1.345878023
326      1.337621717
327      1.329421001
328      1.321275363
329      1.313184302
330      1.305147318
331      1.29716392
332      1.289233624
333      1.281355949
334      1.273530421
335      1.265756573
336      1.258033941
337      1.250362068
338      1.242740502
339      1.235168798
340      1.228028518
341      1.221019991
342      1.214056283
343      1.207137
344      1.200261753
345      1.193430159
346      1.186641838
347      1.179896415
348      1.173193519
349      1.166532783
350      1.159913847
351      1.15333635
352      1.146799939
353      1.140304265
354      1.13384898
355      1.127433743
356      1.121058215
357      1.114722062
358      1.108424953
359      1.10216656
360      1.095946561
361      1.089764636
362      1.083620467
363      1.077513743
364      1.071444154
365      1.065411394
366      1.05941516
367      1.053455153
368      1.047531077
369      1.041799547
370      1.036341363
371      1.030915319
372      1.025521155
373      1.020158614
374      1.014827442
375      1.009527387
376      1.0042582
377      0.9990196348
378      0.9938114482
379      0.9886333989
380      0.9834852484
381      0.9783667608
382      0.9732777024
383      0.9682178422
384      0.9631869516
385      0.9581848042
386      0.9532111762
387      0.9482658459
388      0.943348594
389      0.9384592035
390      0.9335974594
391      0.9287631493
392      0.9239560626
393      0.9191759911
394      0.9144227285
395      0.9096960708
396      0.9049958159
397      0.9003217638
398      0.8956737167
399      0.8910514784
400      0.8864548551
401      0.8818836545
402      0.8773376866
403      0.872816763
404      0.8684419765
405      0.8643000004
406      0.8601802884
407      0.8560826762
408      0.8520070007
409      0.8479531008
410      0.8439208167
411      0.8399099904
412      0.8359204651
413      0.8319520859
414      0.8280046991
415      0.8240781527
416      0.820172296
417      0.8162869798
418      0.8124220565
419      0.8085773796
420      0.8047528042
421      0.8009481868
422      0.7971633852
423      0.7933982585
424      0.7896526672
425      0.7859264731
426      0.7822195393
427      0.7785317302
428      0.7748629115
429      0.77121295
430      0.7675817139
431      0.7639690726
432      0.7603748967
433      0.756799058
434      0.7532414293
435      0.749701885
436      0.7461803003
437      0.7426765515
438      0.7391905164
439      0.7357220735
440      0.7322711028
441      0.728837485
442      0.7254211022
443      0.7220218373
444      0.7186395745
445      0.715274199
446      0.7119255968
447      0.7088522537
448      0.7058056371
449      0.7027738145
450      0.6997566872
451      0.6967541573
452      0.6937661276
453      0.690792502
454      0.687833185
455      0.6848880821
456      0.6819570996
457      0.6790401446
458      0.676137125
459      0.6732479496
460      0.670372528
461      0.6675107703
462      0.6646625878
463      0.6618278922
464      0.6590065962
465      0.6561986132
466      0.6534038573
467      0.6506222433
468      0.6478536869
469      0.6450981043
470      0.6423554126
471      0.6396255295
472      0.6369083734
473      0.6342038634
474      0.6315119194
475      0.6288324618
476      0.6261654118
477      0.6235106912
478      0.6208682224
479      0.6182379286
480      0.6156197335
481      0.6130135615
482      0.6104193377
483      0.6078369876
484      0.6052664376
485      0.6027076144
486      0.6001604457
487      0.5976248594
488      0.5951007842
489      0.5925881493
490      0.5900868846
491      0.5875969205
492      0.5851181879
493      0.5826506184
494      0.580194144
495      0.5777486973
496      0.5753142116
497      0.5728906205
498      0.5704778583
499      0.5681963613
500      0.5660208429
501      0.5638547776
502      0.5616981087
503      0.5595507802
504      0.5574127364
505      0.5552839219
506      0.5531642821
507      0.5510537623
508      0.5489523089
509      0.5468598681
510      0.5447763868
511      0.5427018125
512      0.5406360927
513      0.5385791756
514      0.5365310098
515      0.5344915442
516      0.532460728
517      0.530438511
518      0.5284248434
519      0.5264196756
520      0.5244229584
521      0.5224346432
522      0.5204546816
523      0.5184830255
524      0.5165196273
525      0.5145644397
526      0.5126174159
527      0.5106785093
528      0.5087476736
529      0.5068248631
530      0.5049100322
531      0.5030031357
532      0.5011041288
533      0.4992129671
534      0.4973296064
535      0.4954540028
536      0.4935861129
537      0.4917258935
538      0.4898733018
539      0.4880282952
540      0.4861908315
541      0.4843608688
542      0.4825383656
543      0.4807232805
544      0.4789155725
545      0.477115201
546      0.4753221257
547      0.4735363063
548      0.4717577031
549      0.4699862767
550      0.4682219878
551      0.4664647974
552      0.464714667
553      0.4629715582
554      0.4612354328
555      0.4595062531
556      0.4577839816
557      0.4560685809
558      0.454360014
559      0.4526582442
560      0.4509632351
561      0.4492749505
562      0.4475933542
563      0.4459184108
564      0.4442500847
565      0.4426157052
566      0.4411288664
567      0.439647726
568      0.4381722539
569      0.43670242
570      0.4352381948
571      0.4337795487
572      0.4323264523
573      0.4308788766
574      0.4294367927
575      0.4280001718
576      0.4265689855
577      0.4251432055
578      0.4237228036
579      0.4223077519
580      0.4208980228
581      0.4194935887
582      0.4180944222
583      0.4167004962
584      0.4153117838
585      0.4139282582
586      0.4125498927
587      0.4111766609
588      0.4098085367
589      0.4084454939
590      0.4070875067
591      0.4057345494
592      0.4043865965
593      0.4030436225
594      0.4017056023
595      0.4003725109
596      0.3990443235
597      0.3977210153
598      0.3964025618
599      0.3950889387
600      0.3937801218
601      0.3924760871
602      0.3911768107
603      0.3898822688
604      0.388592438
605      0.3873072948
606      0.386026816
607      0.3847509785
608      0.3834797594
609      0.3822131358
610      0.3809510852
611      0.3796935851
612      0.378440613
613      0.3771921469
614      0.3759481646
615      0.3747086443
616      0.3734735642
617      0.3722429027
618      0.3710166382
619      0.3697947496
620      0.3685772154
621      0.3673640147
622      0.3661551266
623      0.3649505302
624      0.3637502049
625      0.3625541301
626      0.3613622855
627      0.3601746507
628      0.3589912057
629      0.3578119304
630      0.3566368049
631      0.3554658095
632      0.3542989246
633      0.3531361305
634      0.3519774081
635      0.3508227378
636      0.3496721008
637      0.3485254778
638      0.34738285
639      0.3462441987
640      0.3451095051
641      0.3439787507
642      0.3428519171
643      0.3417289859
644      0.340609939
645      0.3394947582
646      0.3383834256
647      0.3372759233
648      0.3361722335
649      0.3350723387
650      0.3339762211
651      0.3328838635
652      0.3318332959
653      0.3308747587
654      0.3299194001
655      0.3289672053
656      0.32801816
657      0.3270722497
658      0.3261294601
659      0.325189777
660      0.3242531863
661      0.3233196738
662      0.3223892257
663      0.321461828
664      0.3205374669
665      0.3196161288
666      0.3186977999
667      0.3177824667
668      0.3168701158
669      0.3159607338
670      0.3150543072
671      0.3141508231
672      0.313250268
673      0.3123526291
674      0.3114578932
675      0.3105660475
676      0.3096770791
677      0.3087909753
678      0.3079077233
679      0.3070273105
680      0.3061497245
681      0.3052749527
682      0.3044029827
683      0.3035338022
684      0.3026673989
685      0.3018037608
686      0.3009428756
687      0.3000847313
688      0.299229316
689      0.2983766178
690      0.2975266247
691      0.2966793252
692      0.2958347074
693      0.2949927597
694      0.2941534707
695      0.2933168287
696      0.2924828225
697      0.2916514405
698      0.2908226716
699      0.2899965044
700      0.2891729279
701      0.2883519309
702      0.2875335023
703      0.2867176313
704      0.2859043069
705      0.2850935182
706      0.2842852544
707      0.2834795049
708      0.282676259
709      0.2818755059
710      0.2810772353
711      0.2802814366
712      0.2794880994
713      0.2786972133
714      0.277908768
715      0.2771227532
716      0.2763391588
717      0.2755579746
718      0.2747791905
719      0.2740027965
720      0.2732287826
721      0.2724571389
722      0.2716878556
723      0.2709209227
724      0.2701563307
725      0.2693940698
726      0.2686341303
727      0.2678765027
728      0.2671211773
729      0.2663681448
730      0.2656173957
731      0.2648689205
732      0.2641227101
733      0.263378755
734      0.2626370461
735      0.2618975741
736      0.2611603301
737      0.2604253048
738      0.2596924892
739      0.2589618744
740      0.2582334514
741      0.2575072113
742      0.2567831453
743      0.2560612447
744      0.2553415006
745      0.2546239044
746      0.2539084474
747      0.253195121
748      0.2524839167
749      0.2517748259
750      0.2510678403
751      0.2503629513
752      0.2496601506
753      0.2489594298
754      0.2482607808
755      0.2475641951
756      0.2468696647
757      0.2461771814
758      0.2454867371
759      0.2447983236
760      0.2441119331
761      0.2434275574
762      0.2427451886
763      0.2420648189
764      0.2413864404
765      0.2407100453
766      0.2400356257
767      0.239363174
768      0.2386926824
769      0.2380241434
770      0.2373575492
771      0.2367626135
772      0.2361901513
773      0.235619291
774      0.2350500264
775      0.2344823512
776      0.2339162594
777      0.2333517448
778      0.2327888014
779      0.232227423
780      0.2316676036
781      0.2311093373
782      0.2305526181
783      0.22999744
784      0.2294437971
785      0.2288916836
786      0.2283410936
787      0.2277920213
788      0.227244461
789      0.2266984068
790      0.226153853
791      0.225610794
792      0.225069224
793      0.2245291375
794      0.2239905288
795      0.2234533923
796      0.2229177225
797      0.2223835139
798      0.2218507609
799      0.2213194581
800      0.2207896
801      0.2202611813
802      0.2197341965
803      0.2192086402
804      0.2186845072
805      0.2181617921
806      0.2176404896
807      0.2171205945
808      0.2166021015
809      0.2160850055
810      0.2155693012
811      0.2150549835
812      0.2145420473
813      0.2140304875
814      0.213520299
815      0.2130114767
816      0.2125040156
817      0.2119979107
818      0.2114931571
819      0.2109897497
820      0.2104876836
821      0.209986954
822      0.209487556
823      0.2089894846
824      0.2084927351
825      0.2079973026
826      0.2075031823
827      0.2070103696
828      0.2065188596
829      0.2060286476
830      0.205539729
831      0.205052099
832      0.204565753
833      0.2040806863
834      0.2035968945
835      0.2031143728
836      0.2026331167
837      0.2021531217
838      0.2016743832
839      0.2011968968
840      0.200720658
841      0.2002456623
842      0.1997719053
843      0.1992993826
844      0.1988280897
845      0.1983580224
846      0.1978891762
847      0.1974215468
848      0.19695513
849      0.1964899214
850      0.1960259168
851      0.1955631118
852      0.1951015024
853      0.1946410842
854      0.1941818531
855      0.193723805
856      0.1932669356
857      0.1928112408
858      0.1923567165
859      0.1919033587
860      0.1914511633
861      0.1910001261
862      0.1905502432
863      0.1901015105
864      0.1896539241
865      0.18920748
866      0.1887621742
867      0.1883180027
868      0.1878749617
869      0.1874330472
870      0.1869922554
871      0.1865525823
872      0.1861140242
873      0.1856765771
874      0.1852402373
875      0.184805001
876      0.1843708643
877      0.1839378236
878      0.1835058751
879      0.1830750149
880      0.1826452395
881      0.1822165451
882      0.1817889281
883      0.1813623848
884      0.1809369114
885      0.1805125045
886      0.1800891604
887      0.1796668754
888      0.1792456461
889      0.1788254688
890      0.1784063399
891      0.1779882561
892      0.1775712136
893      0.1771552091
894      0.1767402391
895      0.1763263
896      0.1759133885
897      0.175501501
898      0.1750906342
899      0.1746807846
900      0.1742719489
901      0.1738641236
902      0.1734573055
903      0.1730514911
904      0.1726466771
905      0.1722428602
906      0.1718400372
907      0.1714382046
908      0.1710373593
909      0.1706374979
910      0.1702386173
911      0.1698407141
912      0.1694437853
913      0.1690478274
914      0.1686528375
915      0.1682588123
916      0.1678657486
917      0.1674736433
918      0.1670824932
919      0.1666922952
920      0.1663030463
921      0.1659147433
922      0.1655273832
923      0.1651409628
924      0.1647554792
925      0.1643709292
926      0.1639873099
927      0.1636046183
928      0.1632228512
929      0.1628420058
930      0.1624620791
931      0.1620830681
932      0.1617049699
933      0.1613277815
934      0.1609514999
935      0.1605761224
936      0.1602016459
937      0.1598280677
938      0.1594553847
939      0.1590835942
940      0.1587126933
941      0.1583426792
942      0.1579952993
943      0.1576874847
944      0.1573803728
945      0.1570739614
946      0.1567682481
947      0.1564632308
948      0.1561589073
949      0.1558552753
950      0.1555523328
951      0.1552500775
952      0.1549485072
953      0.1546476199
954      0.1543474132
955      0.1540478852
956      0.1537490337
957      0.1534508565
958      0.1531533515
959      0.1528565167
960      0.1525603499
961      0.152264849
962      0.151970012
963      0.1516758368
964      0.1513823214
965      0.1510894636
966      0.1507972615
967      0.1505057129
968      0.150214816
969      0.1499245686
970      0.1496349687
971      0.1493460144
972      0.1490577036
973      0.1487700344
974      0.1484830048
975      0.1481966128
976      0.1479108564
977      0.1476257338
978      0.1473412428
979      0.1470573817
980      0.1467741485
981      0.1464915413
982      0.1462095581
983      0.145928197
984      0.1456474562
985      0.1453673337
986      0.1450878277
987      0.1448089363
988      0.1445306576
989      0.1442529898
990      0.143975931
991      0.1436994793
992      0.143423633
993      0.1431483902
994      0.142873749
995      0.1425997077
996      0.1423262645
997      0.1420534175
998      0.141781165
999      0.1415095051
